%YAML:1.0
---
model_type: KANNALA_BRANDT
camera_name: kannala-brandt
image_width: 640
image_height: 400
projection_parameters:
   k2: -1.7206930370609697e-01
   k3: 7.0389935358772665e-02
   k4: -2.2064343170405676e-01
   k5: 2.0418991081890236e-01
   mu: 4.4050142736198359e+02
   mv: 4.4042761928666221e+02
   u0: 3.0861918717363221e+02
   v0: 1.9664502538838502e+02
