%YAML:1.0
---
model_type: KANNALA_BRANDT
camera_name: t265
image_width: 848
image_height: 800
projection_parameters:
   k2: 0.010368572231598247
   k3: 0.006854406985676665
   k4: -0.011934461248258808
   k5: -0.0006652729551151821
   mu: 286.196294857407
   mv: 285.69522034375507
   u0: 427.0280553682057
   v0: 385.59532752787186