%YAML:1.0
---
model_type: KANNALA_BRANDT
camera_name: t265
image_width: 848
image_height: 800
projection_parameters:
   k2: -0.0060379254578928525
   k3: 0.047547900798646056
   k4: -0.04739448152572643
   k5: 0.009735669957707015
   mu: 287.04439149985
   mv: 286.42519948956345
   u0: 428.27895858775696
   v0: 398.0990799096709